

[Leading causes of Death!](https://www.cdc.gov/nchs/fastats/leading-causes-of-death.htm)

Heart disease: 647,457
Cancer: 599,108
Accidents (unintentional injuries): 169,936
Chronic lower respiratory diseases: 160,201
Stroke (cerebrovascular diseases): 146,383
Alzheimer’s disease: 121,404
Diabetes: 83,564
Influenza and pneumonia: 55,672
Nephritis, nephrotic syndrome, and nephrosis: 50,633
Intentional self-harm (suicide): 47,173

## Life expectancy in US (2017)

### [Expectation of life, by age, race, Hispanic origin, race for the non-Hispanic population, and sex: United States, 2017](https://www.cdc.gov/nchs/data/nvsr/nvsr68/nvsr68_06-508.pdf)

|     | All races and origins | White                 | Black                 | Hispanic              | Non-Hispanic white    | Non-Hispanic black    |
| Age | Total | Male | Female | Total | Male | Female | Total | Male | Female | Total | Male | Female | Total | Male | Female | Total | Male | Female |
|-----|-------|------|--------|-------|------|--------|-------|------|--------|-------|------|--------|-------|------|--------|-------|------|--------|
| 0   | 78.6  | 76.1 | 81.1   | 78.8  | 76.4 | 81.2   | 75.3  | 71.9 | 78.5   | 81.8  | 79.1 | 84.3   | 78.5  | 76.1 | 81     | 74.9  | 71.5 | 78.1   |
| 1   | 78.1  | 75.6 | 80.5   | 78.2  | 75.8 | 80.6   | 75.1  | 71.8 | 78.2   | 81.2  | 78.5 | 83.7   | 77.9  | 75.5 | 80.3   | 74.7  | 71.4 | 77.9   |
| 5   | 74.1  | 71.7 | 76.6   | 74.2  | 71.8 | 76.7   | 71.2  | 67.9 | 74.3   | 77.3  | 74.6 | 79.8   | 74    | 71.6 | 76.4   | 70.8  | 67.5 | 74     |
| 10  | 69.2  | 66.7 | 71.6   | 69.3  | 66.9 | 71.7   | 66.3  | 63   | 69.4   | 72.3  | 69.6 | 74.8   | 69    | 66.6 | 71.4   | 65.9  | 62.5 | 69     |
| 15  | 64.2  | 61.8 | 66.7   | 64.3  | 61.9 | 66.7   | 61.4  | 58.1 | 64.4   | 67.4  | 64.7 | 69.8   | 64    | 61.7 | 66.4   | 61    | 57.6 | 64.1   |
| 20  | 59.4  | 57   | 61.8   | 59.5  | 57.1 | 61.8   | 56.6  | 53.4 | 59.5   | 62.5  | 59.9 | 64.9   | 59.2  | 56.9 | 61.5   | 56.2  | 53   | 59.2   |
| 25  | 54.7  | 52.4 | 56.9   | 54.7  | 52.5 | 57     | 51.9  | 48.9 | 54.7   | 57.7  | 55.2 | 60.1   | 54.5  | 52.2 | 56.7   | 51.6  | 48.5 | 54.4   |
| 30  | 50    | 47.8 | 52.1   | 50    | 47.9 | 52.2   | 47.4  | 44.5 | 49.9   | 53    | 50.5 | 55.2   | 49.8  | 47.7 | 51.9   | 47    | 44.1 | 49.6   |
| 35  | 45.3  | 43.2 | 47.3   | 45.4  | 43.4 | 47.4   | 42.8  | 40   | 45.2   | 48.2  | 45.8 | 50.3   | 45.2  | 43.2 | 47.2   | 42.5  | 39.7 | 44.9   |
| 40  | 40.7  | 38.7 | 42.6   | 40.8  | 38.8 | 42.7   | 38.3  | 35.7 | 40.6   | 43.5  | 41.2 | 45.5   | 40.6  | 38.6 | 42.5   | 38    | 35.3 | 40.3   |
| 45  | 36.1  | 34.2 | 37.9   | 36.2  | 34.3 | 38     | 33.8  | 31.3 | 36     | 38.8  | 36.6 | 40.7   | 36    | 34.2 | 37.8   | 33.6  | 31   | 35.8   |
| 50  | 31.6  | 29.8 | 33.4   | 31.7  | 29.9 | 33.4   | 29.5  | 27.1 | 31.6   | 34.2  | 32.1 | 36     | 31.6  | 29.8 | 33.3   | 29.3  | 26.9 | 31.4   |
| 55  | 27.4  | 25.6 | 28.9   | 27.4  | 25.7 | 29     | 25.5  | 23.2 | 27.4   | 29.8  | 27.7 | 31.4   | 27.3  | 25.6 | 28.8   | 25.2  | 23   | 27.2   |
| 60  | 23.3  | 21.7 | 24.7   | 23.3  | 21.8 | 24.7   | 21.7  | 19.6 | 23.4   | 25.5  | 23.6 | 27     | 23.2  | 21.7 | 24.6   | 21.5  | 19.4 | 23.3   |
| 65  | 19.4  | 18   | 20.6   | 19.4  | 18.1 | 20.6   | 18.2  | 16.4 | 19.7   | 21.4  | 19.7 | 22.7   | 19.3  | 18   | 20.5   | 18.1  | 16.2 | 19.5   |
| 70  | 15.7  | 14.5 | 16.7   | 15.6  | 14.5 | 16.6   | 15    | 13.4 | 16.1   | 17.5  | 16   | 18.6   | 15.6  | 14.5 | 16.6   | 14.9  | 13.3 | 16     |
| 75  | 12.3  | 11.3 | 13     | 12.2  | 11.2 | 13     | 11.9  | 10.7 | 12.8   | 13.8  | 12.6 | 14.7   | 12.2  | 11.2 | 12.9   | 11.9  | 10.6 | 12.7   |
| 80  | 9.2   | 8.4  | 9.8    | 9.1   | 8.3  | 9.7    | 9.2   | 8.2  | 9.8    | 10.5  | 9.4  | 11.1   | 9.1   | 8.3  | 9.7    | 9.2   | 8.1  | 9.8    |
| 85  | 6.6   | 5.9  | 7      | 6.5   | 5.9  | 6.9    | 6.9   | 6.1  | 7.3    | 7.6   | 6.7  | 8      | 6.5   | 5.9  | 6.9    | 6.9   | 6.1  | 7.3    |
| 90  | 4.5   | 4.1  | 4.8    | 4.5   | 4    | 4.7    | 5.1   | 4.5  | 5.2    | 5.3   | 4.6  | 5.5    | 4.5   | 4    | 4.7    | 5     | 4.5  | 5.2    |
| 95  | 3.1   | 2.8  | 3.2    | 3     | 2.7  | 3.2    | 3.7   | 3.3  | 3.7    | 3.6   | 3.2  | 3.7    | 3     | 2.7  | 3.2    | 3.6   | 3.3  | 3.7    |
| 100 | 2.2   | 2    | 2.2    | 2.1   | 1.9  | 2.2    | 2.7   | 2.5  | 2.7    | 2.6   | 2.2  | 2.6    | 2.1   | 1.9  | 2.2    | 2.7   | 2.5  | 2.7    |